start=14.614615
volume=60.000000
