start=30.989292
volume=70.000000
