start=1962.994000
volume=68.000000
