start=74.625000
volume=44.000000
