start=167.167000
volume=40.000000
